1.0
1.0
3.81827
1.0
1.0
1.0
3.94992
1.0
1.0
1.0
1.0
1.0
1.0
3.6279
1.0
1.0
1.0
3.73706
1.0
1.0
1.0
1.0
1.0
1.0
1.0
1.0
1.0
1.0
1.0
1.0
3.73706
3.70807
1.0
1.0
1.0
1.0
1.0
1.0
3.78958
3.79583
1.0
1.0
3.86741
3.73706
3.58731
1.0
1.0
1.0
1.0
14.70043
3.73706
1.0
1.0
3.37812
1.0
1.0
3.6834
1.0
1.0
1.0
3.60332
1.0
1.0
1.0
1.0
1.0
1.0
3.45319
1.0
1.0
1.0
3.71881
3.6138
1.0
3.61237
1.0
1.0
1.0
1.0
1.0
1.0
3.73706
1.0
3.79629
1.0
1.0
3.6138
1.0
3.57129
3.87825
1.0
1.0
1.0
1.0
1.0
1.0
1.0
1.0
1.0
3.60332
1.0
1.0
1.0
1.0
1.0
1.0
1.0
1.0
1.0
1.0
1.0
1.0
1.0
3.6803
3.65895
1.0
1.0
1.0
1.0
1.0
1.0
3.72627
1.0
1.0
1.0
1.0
1.0
1.0
1.0
3.45319
1.0
1.0
3.87233
1.0
1.0
1.0
1.0
1.0
1.0
3.92786
3.71881
1.0
1.0
3.73706
1.0
1.0
1.0
1.0
1.0
1.0
3.63334
3.63334
3.58731
1.0
1.0
3.45711
1.0
3.6279
1.0
1.0
1.0
1.0
13.45778
1.0
1.0
1.0
1.0
1.0
1.0
1.0
1.0
3.76894
3.73706
1.0
3.83449
1.0
3.70807
3.87835
3.6138
1.0
58.97396
3.61915
1.0
1.0
1.0
13.75187
1.0
1.0
1.0
3.45319
3.45711
1.0
1.0
1.0
3.68874
1.0
3.58731
1.0
1.0
3.54327
3.71517
13.8304
1.0
1.0
3.9611
1.0
1.0
3.68549
1.0
1.0
3.86184
1.0
1.0
1.0
3.77988
1.0
1.0
3.79629
1.0
3.92226
1.0
1.0
1.0
1.0
1.0
3.58731
1.0
1.0
1.0
3.6834
1.0
1.0
3.73612
1.0
1.0
1.0
1.0
1.0
1.0
3.81783
1.0
3.63334
3.58731
3.6834
3.87233
3.44318
1.0
3.74784
3.45711
3.79583
1.0
1.0
3.69902
1.0
1.0
1.0
1.0
1.0
1.0
1.0
1.0
1.0
1.0
3.86184
3.80118
1.0
1.0
3.45319
1.0
1.0
1.0
1.0
1.0
3.88932
1.0
1.0
1.0
1.0
3.81794
1.0
3.63334
3.71517
1.0
1.0
1.0
1.0
1.0
1.0
1.0
56.85832
1.0
3.86184
1.0
3.73152
1.0
3.79629
1.0
1.0
1.0
1.0
1.0
3.66443
1.0
1.0
1.0
3.73706
1.0
1.0
1.0
1.0
3.75844
1.0
1.0
1.0
3.44318
1.0
1.0
1.0
1.0
1.0
1.0
1.0
1.0
1.0
3.87831
1.0
3.90034
1.0
3.77949
1.0
3.65895
1.0
1.0
1.0
1.0
1.0
1.0
3.89452
1.0
3.86192
1.0
3.80118
1.0
1.0
1.0
1.0
1.0
1.0
1.0
3.70807
3.79583
1.0
1.0
1.0
3.65895
1.0
1.0
1.0
1.0
