0.14206
0.09192
0.04735
0.00836
0.03343
0.06128
0.07799
0.08357
0.06407
0.14206
0.14206
0.06407
0.06407
0.03621
0.06407
0.03064
0.09192
0.00836
0.14206
0.03064
0.05571
0.06407
0.09192
0.03064
0.03621
0.08357
0.05571
0.14206
0.06407
0.07799
0.14206
0.02786
0.06128
0.03064
0.06407
0.02228
0.02228
0.03621
0.09192
0.07799
0.09192
0.14206
0.03343
0.14206
0.08357
0.01114
0.08357
0.08357
0.05571
0.01671
0.14206
0.09192
0.09192
0.03621
0.01671
0.05571
0.07799
0.05571
0.09192
0.03064
0.14206
0.05571
0.03621
0.03064
0.08357
0.06128
0.14206
0.08357
0.09192
0.05571
0.14206
0.07799
0.03621
0.08357
0.14206
0.06407
0.09192
0.03343
0.02786
0.01671
0.06128
0.14206
0.14206
0.03621
0.14206
0.08357
0.06128
0.14206
0.01671
0.09192
0.06128
0.14206
0.14206
0.05571
0.14206
0.03621
0.09192
0.05571
0.14206
0.09192
0.07799
0.06128
0.06128
0.09192
0.01114
0.06407
0.01114
0.02786
0.07799
0.03064
0.14206
0.00279
0.08357
0.03621
0.06128
0.14206
0.03064
0.08357
0.03064
0.05571
0.05571
0.09192
0.14206
0.04735
0.06128
0.14206
0.08357
0.05571
0.00557
0.03343
0.05571
0.14206
0.04735
0.04735
0.14206
0.05571
0.03064
0.07799
0.01671
0.07799
0.08357
0.09192
0.05571
0.07799
0.05571
0.09192
0.14206
0.06407
0.06128
0.03343
0.04735
0.06128
0.08357
0.04735
0.06407
0.04735
0.06128
0.03343
0.07799
0.06407
0.07799
0.05571
0.09192
0.03621
0.02786
0.04735
0.07799
0.05571
0.14206
0.05571
0.03621
0.03621
0.03343
0.04735
0.03064
0.06407
0.02786
0.03621
0.14206
0.06128
0.06128
0.07799
0.01671
0.14206
0.05571
0.05571
0.01671
0.05571
0.03621
0.03064
0.03621
0.03064
0.06128
0.07799
0.08357
0.07799
0.08357
0.05571
0.06407
0.02786
0.09192
0.05571
0.14206
0.02228
0.05571
0.09192
0.00836
0.09192
0.00557
0.03621
0.05571
0.07799
0.14206
0.02228
0.06407
0.09192
0.04735
0.03621
0.03064
0.00836
0.06407
0.04735
0.08357
0.08357
0.14206
0.08357
0.03064
0.05571
0.03064
0.01671
0.09192
0.02786
0.03621
0.04735
0.09192
0.01114
0.06407
0.06128
0.09192
0.04735
0.02786
0.03064
0.08357
0.03621
0.09192
0.08357
0.03621
0.08357
0.05571
0.07799
0.08357
0.03343
0.06407
0.09192
0.14206
0.08357
0.07799
0.03621
0.14206
0.04735
0.04735
0.07799
0.05571
0.14206
0.02228
0.14206
0.14206
0.03621
0.08357
0.14206
0.05571
0.05571
0.14206
0.03343
0.01671
0.03064
0.02786
0.01671
0.02786
0.02786
0.06128
0.09192
0.14206
0.14206
0.02786
0.00836
0.03343
0.04735
0.14206
0.05571
0.06128
0.06128
0.06128
0.09192
0.14206
0.03621
0.03064
0.07799
0.06407
0.02786
0.07799
0.06407
0.03343
0.14206
0.05571
0.14206
0.03621
0.02228
0.05571
0.01671
0.02786
0.05571
0.14206
0.05571
0.08357
0.04735
0.07799
0.05571
0.07799
0.06407
0.03343
0.06128
0.02786
0.09192
0.03064
0.08357
0.02228
0.14206
0.02786
0.09192
0.08357
0.07799
0.03064
0.07799
0.00557
0.02786
0.05571
0.00836
0.01671
0.07799
0.14206
0.02228
0.03621
0.06407
0.09192
0.08357
0.14206
0.08357
0.03621
0.02786
0.07799
0.06407
0.02786
0.00557
0.09192
0.02786
0.03064
0.05571
0.05571
