0.11699
0.10028
0.14206
0.04735
0.10028
0.13649
0.00279
0.13649
0.13649
0.14206
0.09192
0.10028
0.14206
0.14206
0.10028
0.06407
0.10028
0.04735
0.04735
0.09192
0.14206
0.07799
0.14206
0.10028
0.06407
0.09192
0.14206
0.09192
0.11699
0.11699
0.00279
0.11699
0.10028
0.04735
0.13649
0.11699
0.11699
0.14206
0.00557
0.10028
0.13649
0.09192
0.14206
0.01671
0.13649
0.039
0.09192
0.10028
0.11699
0.06407
0.03064
0.09192
0.09192
0.04735
0.13649
0.14206
0.09192
0.10028
0.11699
0.14206
0.01671
0.14206
0.13649
0.13649
0.14206
0.14206
0.01671
0.07799
0.13649
0.14206
0.13649
0.11699
0.07799
0.09192
0.11699
0.04735
0.09192
0.07799
0.03064
0.00557
0.14206
0.09192
0.039
0.14206
0.04735
0.10028
0.07799
0.09192
0.13649
0.14206
0.14206
0.01393
0.039
0.11699
0.00557
0.14206
0.09192
0.06407
0.09192
0.09192
0.01671
0.11699
0.14206
0.13649
0.01393
0.11699
0.11699
0.04735
0.01114
0.07799
0.09192
0.07799
0.13649
0.13649
0.14206
0.039
0.13649
0.10028
0.14206
0.13649
0.06407
0.13649
0.09192
0.07799
0.13649
0.11699
0.06407
0.07799
0.06407
0.07799
0.07799
0.01393
0.11699
0.13649
0.01393
0.14206
0.06407
0.11699
0.14206
0.01114
0.06407
0.10028
0.13649
0.039
0.13649
0.10028
0.09192
0.07799
0.10028
0.07799
0.11699
0.11699
0.10028
0.06407
0.06407
0.14206
0.11699
0.14206
0.039
0.10028
0.03064
0.11699
0.13649
0.14206
0.04735
0.11699
0.01671
0.10028
0.01671
0.07799
0.04735
0.07799
0.10028
0.13649
0.04735
0.06407
0.00557
0.06407
0.07799
0.06407
0.11699
0.00557
0.14206
0.039
0.07799
0.13649
0.06407
0.11699
0.06407
0.07799
0.14206
0.13649
0.11699
0.04735
0.10028
0.03064
0.10028
0.06407
0.14206
0.11699
0.06407
0.14206
0.039
0.03064
0.11699
0.10028
0.04735
0.14206
0.14206
0.09192
0.04735
0.11699
0.01671
0.04735
0.13649
0.11699
0.11699
0.13649
0.04735
0.09192
0.14206
0.10028
0.01671
0.01671
0.09192
0.10028
0.13649
0.07799
0.14206
0.07799
0.11699
0.10028
0.04735
0.13649
0.09192
0.04735
0.10028
0.04735
0.09192
0.04735
0.04735
0.09192
0.13649
0.07799
0.11699
0.09192
0.14206
0.06407
0.14206
0.11699
0.09192
0.14206
0.13649
0.09192
0.039
0.10028
0.11699
0.07799
0.13649
0.11699
0.10028
0.00557
0.10028
0.14206
0.01114
0.01393
0.01393
0.07799
0.01671
0.039
0.14206
0.13649
0.11699
0.13649
0.06407
0.14206
0.04735
0.13649
0.14206
0.00557
0.11699
0.13649
0.03064
0.039
0.01393
0.04735
0.07799
0.10028
0.03064
0.04735
0.13649
0.14206
0.11699
0.13649
0.04735
0.06407
0.13649
0.03064
0.06407
0.04735
0.11699
0.09192
0.10028
0.039
0.07799
0.03064
0.13649
0.04735
0.07799
0.13649
0.04735
0.13649
0.04735
0.13649
0.09192
0.11699
0.00279
0.10028
0.01393
0.10028
0.10028
0.07799
0.039
0.11699
0.13649
0.07799
0.04735
0.039
0.00279
0.09192
0.14206
0.00557
0.14206
0.01671
0.14206
0.04735
0.10028
0.04735
0.13649
0.03064
0.03064
0.01114
0.06407
0.10028
0.09192
0.13649
0.11699
0.09192
0.04735
0.01393
0.14206
0.14206
0.01393
0.04735
0.14206
0.01671
0.13649
0.14206
0.13649
