0.07799
0.11699
0.05571
0.08357
0.11978
0.02228
0.02228
0.06407
0.06407
0.02507
0.11978
0.13928
0.11978
0.02228
0.11978
0.06407
0.11978
0.13928
0.02507
0.11699
0.07799
0.05571
0.07799
0.07799
0.02507
0.13928
0.11978
0.11699
0.08357
0.13928
0.11978
0.03343
0.11699
0.0195
0.07799
0.02507
0.03621
0.02228
0.06407
0.13928
0.07799
0.11699
0.03343
0.11978
0.02507
0.00557
0.13928
0.13928
0.13928
0.02228
0.11978
0.11699
0.13928
0.039
0.02507
0.07799
0.08357
0.11978
0.13928
0.11699
0.08357
0.06407
0.039
0.03621
0.03343
0.02507
0.08357
0.11699
0.03621
0.02228
0.07799
0.02507
0.06407
0.08357
0.13928
0.05571
0.08357
0.039
0.13928
0.0195
0.07799
0.11699
0.13928
0.01393
0.13928
0.13928
0.01393
0.11699
0.03621
0.0195
0.05571
0.11699
0.11699
0.11699
0.07799
0.02228
0.07799
0.06407
0.11699
0.08357
0.039
0.11699
0.02228
0.05571
0.11978
0.11699
0.11978
0.08357
0.01114
0.11978
0.13928
0.02507
0.02507
0.05571
0.05571
0.13928
0.11978
0.11699
0.0195
0.03343
0.03343
0.06407
0.11978
0.02507
0.05571
0.07799
0.039
0.03621
0.08357
0.02507
0.11978
0.13928
0.11699
0.0195
0.05571
0.06407
0.06407
0.02228
0.07799
0.02507
0.11699
0.08357
0.02228
0.13928
0.06407
0.08357
0.13928
0.11699
0.13928
0.039
0.13928
0.13928
0.11699
0.05571
0.08357
0.13928
0.13928
0.06407
0.13928
0.11978
0.05571
0.13928
0.02507
0.02507
0.039
0.13928
0.01114
0.11978
0.11978
0.11699
0.02507
0.03621
0.13928
0.01393
0.03621
0.06407
0.05571
0.02507
0.02228
0.08357
0.07799
0.11699
0.11978
0.08357
0.05571
0.03343
0.02507
0.11699
0.02228
0.03343
0.13928
0.02507
0.13928
0.02507
0.11978
0.00557
0.02228
0.03343
0.01393
0.13928
0.06407
0.03621
0.13928
0.02507
0.07799
0.11699
0.11699
0.02228
0.07799
0.02228
0.02507
0.11978
0.08357
0.01114
0.03621
0.11978
0.08357
0.02228
0.06407
0.11699
0.01114
0.07799
0.11978
0.11699
0.05571
0.08357
0.02507
0.05571
0.02228
0.08357
0.13928
0.13928
0.03343
0.07799
0.11978
0.02507
0.11978
0.06407
0.11699
0.02507
0.03621
0.13928
0.07799
0.08357
0.11699
0.08357
0.01114
0.02228
0.13928
0.039
0.02228
0.07799
0.05571
0.07799
0.11978
0.11978
0.11978
0.02507
0.11978
0.13928
0.11699
0.0195
0.11978
0.02507
0.07799
0.11699
0.13928
0.11699
0.11978
0.11978
0.07799
0.05571
0.13928
0.06407
0.02507
0.01393
0.00279
0.02507
0.06407
0.07799
0.13928
0.03621
0.11699
0.08357
0.11978
0.11978
0.06407
0.13928
0.11978
0.0195
0.07799
0.02507
0.13928
0.05571
0.08357
0.02228
0.02507
0.03621
0.06407
0.08357
0.13928
0.13928
0.08357
0.11699
0.02507
0.08357
0.11978
0.11978
0.03343
0.02507
0.11699
0.039
0.11699
0.01114
0.08357
0.02228
0.08357
0.11699
0.11978
0.11978
0.11978
0.11699
0.02507
0.08357
0.039
0.039
0.03343
0.07799
0.08357
0.11699
0.05571
0.13928
0.01114
0.02228
0.07799
0.01114
0.11699
0.13928
0
0.039
0.13928
0.07799
0.02228
0.13928
0.13928
0.039
0.11699
0.11978
0.06407
0.02507
0.05571
0.11978
0.03621
0.03343
0.06407
0.039
0.02228
0.02507
0.06407
