0.04178
0.07521
0.04457
0.08078
0.07521
0.04735
0.11978
0.04457
0.06407
0.08357
0.08078
0.00836
0.07521
0.04735
0.05292
0.05292
0.04178
0.06685
0.08357
0.05292
0.07521
0.03064
0.06685
0.07521
0.01393
0.05571
0.05571
0.08078
0.08357
0.01114
0.06685
0.11978
0.04178
0.04735
0.05571
0.11978
0.08078
0.06407
0.06407
0.04178
0.06685
0.03064
0.04457
0.06685
0.06407
0.11978
0.08078
0.02786
0.03064
0.06407
0.06685
0.07521
0.03064
0.11978
0.07521
0.08078
0.08357
0.07521
0.07521
0.08078
0.11978
0.07521
0.05571
0.05292
0.08357
0.02786
0.06685
0.05571
0.11978
0.06407
0.07521
0.04735
0.11978
0.06407
0.05571
0.04457
0.05571
0.04735
0.00836
0.02228
0.07521
0.06685
0.02786
0.06685
0.02786
0.02228
0.11978
0.01393
0.08357
0.04178
0.08357
0.08078
0.06407
0.05292
0.08357
0.08357
0.07521
0.05292
0.04178
0.11978
0.06685
0.06407
0.11978
0.04457
0.02228
0.07521
0.02786
0.08078
0.11978
0.05571
0.01393
0.07521
0.01393
0.02786
0.04457
0.08078
0.08078
0.06407
0.11978
0.04457
0.05571
0.07521
0.07521
0.03064
0.05292
0.07521
0.05571
0.08357
0.06685
0.02786
0.07521
0.02786
0.05571
0.11978
0.08357
0.11978
0.04457
0.02786
0.05292
0.11978
0.08078
0.02228
0.04735
0.06685
0.04735
0.08357
0.01393
0.05292
0.07521
0.07521
0.04735
0.04735
0.06407
0.07521
0.07521
0.05571
0.08357
0.04735
0.07521
0.04178
0.04735
0.01393
0.08357
0.11978
0.02786
0.08357
0.02786
0.07521
0.07521
0.02228
0.07521
0.08078
0.06685
0.03064
0.05292
0.07521
0.11978
0.08357
0.11978
0.06685
0.01114
0.02228
0.05292
0.08357
0.07521
0.08357
0.01393
0.07521
0.11978
0.04457
0.04178
0.03064
0.05292
0.08078
0.07521
0.06407
0.05571
0.04457
0.11978
0.02228
0.05292
0.07521
0.04178
0.11978
0.01114
0.04178
0.08078
0.06685
0.07521
0.04178
0.04457
0.11978
0.08357
0.06407
0.07521
0.07521
0.08357
0.11978
0.03064
0.03064
0.11978
0.11978
0.05292
0.07521
0.02786
0.08357
0.07521
0.06407
0.11978
0.02228
0.01393
0.07521
0.11978
0.00836
0.11978
0.11978
0.00836
0.04457
0.08078
0.06685
0.11978
0.04735
0.07521
0.08078
0.05571
0.04178
0.07521
0.06407
0.00836
0.01393
0.04178
0.00557
0.11978
0.07521
0.05292
0.05292
0.03064
0.08357
0.07521
0.08078
0.07521
0.06407
0.05571
0.04457
0.08078
0.06685
0.08078
0.02786
0.07521
0.07521
0.04457
0.00836
0.07521
0.02228
0.04735
0.02228
0.04735
0.06407
0.06407
0.08357
0.04735
0.05292
0.02228
0.06407
0.05571
0.08078
0.06407
0.02786
0.11978
0.04178
0.06685
0.04457
0.02786
0.08078
0.08357
0.11978
0.07521
0.06685
0.11978
0.02228
0.02786
0.07521
0.08357
0.06685
0.06407
0.06685
0.07521
0.07521
0.08357
0.11978
0.07521
0.06685
0.08078
0.11978
0.08078
0.02228
0.08078
0.02786
0.04735
0.04178
0.02786
0.05571
0.01393
0.07521
0.02228
0.06407
0.02786
0.02228
0.05292
0.01114
0.05571
0.08078
0.11978
0.11978
0.05571
0.11978
0.06407
0.05292
0.02786
0.06685
0.03064
0.08357
0.08357
0.00557
0.08078
0.11978
0.07521
0.08078
0.08357
0.11978
0.07521
0.05571
0.08078
0.04457
0.02228
0.11978
0.04735
0.08357
0.06685
