0.02228
0.04457
0.20334
0.13649
0.04457
0.09749
0.13649
0.13649
0.01393
0.09749
0.20334
0.13649
0.12813
0.12813
0.04457
0.20334
0.02228
0.06685
0.09749
0.04457
0.12813
0.13649
0.05571
0.0195
0.12813
0.20334
0.12813
0.05571
0.12813
0.12813
0.06685
0.09749
0.20334
0.09749
0.20334
0.09749
0.02507
0.04178
0.01393
0.02507
0.04457
0.20334
0.20334
0.06685
0.12813
0.09749
0.04178
0.20334
0.20334
0.05571
0.06685
0.12813
0.20334
0.20334
0.13649
0.04178
0.05571
0.20334
0.05292
0.05571
0.12813
0.05292
0.20334
0.05292
0.13649
0.00836
0.12813
0.20334
0.09749
0.20334
0.20334
0.00836
0.00836
0.09749
0.05292
0.20334
0.12813
0.12813
0.13649
0.05292
0.05571
0.06685
0.20334
0.13649
0.12813
0.20334
0.09749
0.06685
0.06685
0.02507
0.13649
0.20334
0.09749
0.04457
0.05571
0.06685
0.04457
0.20334
0.20334
0.04457
0.20334
0.09749
0.09749
0.03064
0.20334
0.12813
0.20334
0.12813
0.00836
0.12813
0.04178
0.13649
None
0.02507
0.03064
0.13649
0.13649
0.04178
0.09749
0.20334
0.12813
0.13649
0.20334
0.03064
0.20334
0.0195
0.13649
0.06685
0.05571
0.20334
0.0195
0.09749
0.00836
0.09749
0.02228
0.13649
0.20334
0.0195
0.05292
0.12813
0.02507
0.12813
0.00279
0.06685
0.09749
0.04457
0.13649
0.05292
0.05292
0.05292
0.0195
0.05571
0.12813
0.05292
0.13649
0.20334
0.12813
0.09749
0.20334
0.03064
0.04178
0.04178
0.03064
0.09749
0.12813
0.12813
0.06685
0.04457
0.20334
0.13649
0.13649
0.03064
0.06685
0.13649
0.05292
0.03064
0.12813
0.01393
0.09749
0.05571
0.00836
0.20334
0.20334
0.05571
0.05292
0.0195
0.12813
0.05571
0.09749
0.20334
0.13649
0.13649
0.04457
0.13649
0.20334
0.05571
0.12813
0.20334
0.09749
0.20334
0.05292
0.03064
0.02228
0.12813
0.00836
0.02228
0.12813
0.13649
0.05292
0.20334
0.13649
0.04178
0.09749
0.12813
0.13649
0.0195
0.04178
0.06685
0.13649
0.00557
0.09749
0.06685
0.20334
0.0195
0.0195
0.12813
0.20334
0.12813
0.04178
0.13649
0.04178
0.13649
0.09749
0.20334
0.00836
0.12813
0.20334
0.00557
0.0195
0.13649
0.09749
0.02228
0.12813
0.13649
0.00836
0.20334
0.13649
0.02507
0.20334
0.02507
0.20334
0.12813
0.09749
0.20334
0.04457
0.20334
0.20334
0.02228
0.12813
0.13649
0.20334
0.12813
0.04457
0.13649
0.02228
0.05571
0.04178
0.20334
0.20334
0.0195
0.05292
0.05292
0.05292
0.13649
0.09749
0.13649
0.13649
0.05571
0.01393
0.06685
0.09749
0.05292
0.20334
0.04178
0.12813
0.04457
0.0195
0.20334
0.06685
0.13649
0.12813
0.13649
0.12813
0.13649
0.04457
0.06685
0.00279
0.13649
0.13649
0.12813
0.05571
0.03064
0.0195
0.20334
0.04178
0.06685
0.13649
0.20334
0.06685
0.12813
0.20334
0.20334
0.06685
0.09749
0.20334
0.05292
0.12813
0.20334
0.0195
0.20334
0.20334
0.12813
0.13649
None
0.13649
0.05571
0.20334
0.13649
0.12813
0.20334
0.03064
0.20334
0.04178
0.09749
0.12813
0.09749
0.05571
0.04457
0.20334
0.13649
0.20334
0.06685
0.06685
0.20334
0.05571
0.09749
0.20334
0.05571
0.09749
0.06685
0.02507
0.20334
0.02507
0.20334
0.03064
0.06685
0.01393
0.09749
0.13649
