2.36
2.61
2.4
2.64
3.9
3.58
2.88
1.64
3.26
3.53
2.47
2.73
4.54
3.24
2.6
1.61
1.61
1.9
3.68
2.43
3.47
1.95
5.06
1.36
4.33
4.9
2.69
2.0
1.19
2.08
3.42
3.06
3.58
3.19
3.0
2.03
3.23
3.33
1.81
2.23
1.29
3.33
2.93
1.32
1.94
5.16
2.48
2.04
2.55
2.75
2.84
2.6
2.72
2.04
3.22
2.43
4.01
2.07
3.03
2.23
3.91
4.25
2.49
4.34
4.55
4.0
1.99
2.59
2.55
4.16
1.46
4.01
2.73
5.33
1.1
2.57
3.52
2.95
2.1
1.87
4.68
4.03
2.71
2.27
2.08
2.1
3.31
2.17
2.41
2.27
2.04
3.07
2.26
4.46
3.67
3.85
2.64
2.02
3.55
2.96
2.71
2.54
2.09
3.19
2.66
3.89
3.09
2.09
1.72
2.39
3.9
1.41
1.61
1.99
1.99
4.45
2.8
3.96
2.89
3.02
2.89
1.89
3.17
1.91
2.33
1.85
1.87
3.82
3.16
2.14
4.95
1.97
3.85
2.62
2.9
4.64
2.32
4.02
2.13
3.23
1.98
2.15
2.14
1.85
2.81
1.52
1.79
2.77
1.75
3.55
2.31
3.34
2.69
1.92
2.09
2.84
2.94
2.92
1.86
1.99
2.36
3.21
1.86
3.01
3.35
1.62
3.46
2.51
1.93
1.48
2.61
2.73
1.58
0.91
2.04
2.12
1.32
2.11
2.15
4.24
2.2
1.65
4.07
2.19
2.44
2.59
4.61
2.5
3.18
2.62
1.67
2.29
2.69
3.66
1.8
1.39
1.56
1.76
4.52
1.5
1.65
2.72
2.25
3.61
2.58
2.04
2.01
1.08
3.75
2.56
2.32
3.29
2.46
2.52
2.58
2.49
1.73
3.43
1.72
2.04
2.97
1.44
3.84
1.56
2.3
3.75
3.81
3.08
2.56
2.58
2.93
2.86
1.13
1.89
4.11
2.72
3.59
2.48
3.12
2.11
3.16
2.2
1.96
1.58
4.36
3.62
2.34
1.9
2.65
3.25
2.07
3.9
0.55
2.19
3.76
1.4
3.13
2.45
3.41
3.36
2.17
3.58
2.2
2.14
1.7
1.17
2.13
4.34
1.93
2.8
1.73
-1.0
2.1
2.25
2.03
2.08
4.09
3.38
2.21
3.65
3.94
3.87
2.33
2.65
3.73
2.13
2.52
2.94
1.66
2.57
3.64
2.19
1.25
3.89
2.99
2.34
2.38
2.12
1.48
2.13
2.51
3.97
3.91
2.43
3.84
3.37
2.74
2.9
3.39
2.17
1.7
2.86
1.62
3.23
5.31
1.7
2.14
3.33
2.02
3.81
4.13
2.95
2.34
0.47
4.35
1.71
2.29
4.26
1.99
1.4
2.41
2.7
2.37
2.97
1.47
2.16
2.24
3.35
2.07
3.81
3.61
3.62
3.18
2.99
2.65
2.3
2.82
4.32
2.77
2.73
1.92
2.04
3.98
3.95
2.63
1.36
2.5
1.99
2.66
