0.40111
0.42897
0.49304
0.35655
0.37326
0.3649
0.35933
0.46518
0.34262
0.49025
0.63788
0.44847
0.52925
0.37604
0.38162
0.41504
0.37604
0.32869
0.39554
0.33705
0.47911
0.3649
0.43454
0.30362
0.26741
0.57382
0.50139
0.48747
0.47632
0.47354
0.39833
0.39554
0.52368
0.24234
0.5376
0.38162
0.28134
0.30641
0.23955
0.3844
0.41783
0.58496
0.45682
0.41226
0.43733
0.27298
0.43733
0.55432
0.54596
0.22284
0.42618
0.50418
0.5571
0.44568
0.38997
0.39833
0.39276
0.55432
0.47632
0.42618
0.49025
0.38997
0.47075
0.30919
0.47911
0.26462
0.43733
0.5376
0.48189
0.48747
0.6351
0.27577
0.30641
0.42061
0.50696
0.41504
0.45125
0.32591
0.34262
0.11699
0.41226
0.48468
0.55153
0.39554
0.48468
0.54875
0.37047
0.43175
0.33983
0.32033
0.47911
0.5571
0.45961
0.38719
0.3649
0.35097
0.38162
0.44011
0.5961
0.43175
0.4039
0.45682
0.4429
0.35933
0.37047
0.50139
0.47911
0.36769
0.22841
0.41226
0.42897
0.31755
0.25905
0.28134
0.33426
0.5376
0.50418
0.40669
0.40947
0.47354
0.33705
0.50418
0.63231
0.2117
0.50975
0.43175
0.37883
0.32033
0.27577
0.36769
0.34819
0.42061
0.3454
0.42061
0.31755
0.51811
0.40669
0.26462
0.34262
0.36212
0.37047
0.42618
0.26462
0.38997
0.40111
0.4039
0.52368
0.3649
0.42897
0.27855
0.37047
0.42061
0.49304
0.29526
0.4234
0.58774
0.52925
0.3844
0.53482
0.35655
0.25348
0.36769
0.36769
0.42061
0.27019
0.51532
0.20056
0.39554
0.5571
0.40947
0.32033
0.26184
0.40669
0.3649
0.22006
0.29805
0.33705
0.22284
0.45961
0.33148
0.27577
0.42618
0.53482
0.4039
0.31755
0.32869
0.24791
0.42061
0.33983
0.38997
0.49582
0.35933
0.41504
0.36769
0.58217
0.23398
0.38997
0.40111
0.43733
0.50975
0.32591
0.33983
0.3844
0.32591
0.27019
0.37326
0.38162
0.45961
0.35376
0.39554
0.30919
0.47632
0.4234
0.27298
0.44847
0.4234
0.37326
0.38162
0.30919
0.25348
0.43454
0.41226
0.47632
0.31198
0.33705
0.47911
0.47075
0.38162
0.35655
0.33705
0.4039
0.47911
0.33426
0.47354
0.43175
0.33148
0.49582
0.22284
0.40111
0.32312
0.32869
0.33148
0.50139
0.41504
0.38997
0.50418
0.40111
0.25905
0.54875
0.27298
0.4429
0.38719
0.47354
0.54039
0.39833
0.55989
0.54875
0.24513
0.60167
0.52089
0.54318
0.29526
0.37604
0.49025
0.21448
0.39554
0.41783
0.4624
0.49861
0.39554
0.37326
0.30919
0.52646
0.39276
0.2507
0.3454
0.26184
0.29805
0.31198
0.26184
0.4624
0.37047
0.51532
0.37047
0.3454
0.30084
0.25905
0.51811
0.47911
0.30084
0.47075
0.40947
0.47354
0.50139
0.40111
0.30919
0.27019
0.34819
0.44847
0.30919
0.41783
0.40111
0.32033
0.56825
0.26462
0.38997
0.50418
0.46797
0.31755
0.42618
0.47075
0.50139
0.45404
0.42061
0.54318
0.26184
0.37326
0.50418
0.27855
0.52925
0.48468
0.44011
0.24234
0.36769
0.3649
0.32033
0.33426
0.41783
0.29526
0.51532
0.36769
0.50696
0.3454
0.33426
0.40947
0.30362
0.39276
0.29248
0.3844
0.35097
0.54596
0.26184
0.27298
0.51253
0.45961
0.47632
0.6546
0.43175
0.32869
0.25348
0.37604
0.58496
0.18384
0.33426
0.35097
0.27019
0.2507
0.4039
0.45961
